149.96051799999998

101.213704
51.347148000000004
30.490826
21.674039
18.639193
18.477153
27.263842999999998

77.61222
40.33443
28.492459
24.12874
20.565219
22.545518
25.164341999999998

-------------------
15000.501547

11681.938207
5050.349964
2818.360823
1997.00027
1423.935497
1279.6275420000002
1286.481057

7576.835829000001
3824.293963
2608.400659
1955.809114
1376.2483009999999
1282.2700249999998
1271.219627

-------------------
1.4996877390059999e+06

1.149940349352e+06
483381.372716
287325.200679
202017.836889
138631.63692000002
122807.60046
124128.36669000001

760684.469505
390713.689395
261417.93072899999
203090.616934
156397.19205800002
140717.79432100002
142972.345326

